function polyfunc_B = getMultipoleField_Aircore(in1)
%GETMULTIPOLEFIELD_AIRCORE
%    POLYFUNC_B = GETMULTIPOLEFIELD_AIRCORE(IN1)

%    This function was generated by the Symbolic Math Toolbox version 8.4.
%    17-Jun-2020 19:16:19

x = in1(1,:);
y = in1(2,:);
z = in1(3,:);
t2 = x.^2;
t3 = x.^3;
t5 = y.^2;
t6 = z.^2;
t4 = t2.^2;
t7 = t2+t5+t6;
t8 = 1.0./t7.^(5.0./2.0);
t9 = 1.0./t7.^(7.0./2.0);
t10 = 1.0./t7.^(9.0./2.0);
t11 = 1.0./t7.^(1.1e+1./2.0);
polyfunc_B = [t8.*1.571481215912308e-9+t2.*t8.*1.926794026857413e-6-t2.*t9.*1.571481215912308e-8-t3.*t9.*2.806247327740964e-7+t3.*t10.*5.442964119571141e-10+t4.*t10.*1.833394751897693e-8+t8.*x.*1.683748396644579e-7-t9.*x.*1.166349454193816e-10-t11.*x.^5.*4.898667707614027e-10-1.0./t7.^(3.0./2.0).*6.422646756191375e-7;t8.*y.*5.612494655481929e-8-t9.*y.*2.332698908387632e-11-t2.*t9.*y.*2.806247327740964e-7+t2.*t10.*y.*3.265778471742684e-10+t3.*t10.*y.*1.833394751897693e-8-t4.*t11.*y.*4.898667707614027e-10+t8.*x.*y.*1.926794026857413e-6-t9.*x.*y.*7.85740607956154e-9;t8.*z.*5.612494655481929e-8-t9.*z.*2.332698908387632e-11-t2.*t9.*z.*2.806247327740964e-7+t2.*t10.*z.*3.265778471742684e-10+t3.*t10.*z.*1.833394751897693e-8-t4.*t11.*z.*4.898667707614027e-10+t8.*x.*z.*1.926794026857413e-6-t9.*x.*z.*7.85740607956154e-9];
