function polyfunc_B = getMultipoleField_Ironcore(in1)
%GETMULTIPOLEFIELD_IRONCORE
%    POLYFUNC_B = GETMULTIPOLEFIELD_IRONCORE(IN1)

%    This function was generated by the Symbolic Math Toolbox version 8.4.
%    17-Jun-2020 19:16:20

x = in1(1,:);
y = in1(2,:);
z = in1(3,:);
t2 = x.^2;
t3 = x.^3;
t5 = y.^2;
t6 = z.^2;
t4 = t2.^2;
t7 = t2+t5+t6;
t8 = 1.0./t7.^(5.0./2.0);
t9 = 1.0./t7.^(7.0./2.0);
t10 = 1.0./t7.^(9.0./2.0);
t11 = 1.0./t7.^(1.1e+1./2.0);
polyfunc_B = [t8.*6.629480421915138e-9+t2.*t8.*8.534181229198099e-6-t2.*t9.*6.629480421915138e-8-t3.*t9.*1.123090417732098e-6+t3.*t10.*2.565387853207059e-9+t4.*t10.*7.734393825567661e-8+t8.*x.*6.738542506392587e-7-t9.*x.*5.497259685443698e-10-t11.*x.^5.*2.308849067886353e-9-1.0./t7.^(3.0./2.0).*2.844727076399366e-6;t8.*y.*2.246180835464196e-7-t9.*y.*1.09945193708874e-10-t2.*t9.*y.*1.123090417732098e-6+t2.*t10.*y.*1.539232711924235e-9+t3.*t10.*y.*7.734393825567661e-8-t4.*t11.*y.*2.308849067886353e-9+t8.*x.*y.*8.534181229198099e-6-t9.*x.*y.*3.314740210957569e-8;t8.*z.*2.246180835464196e-7-t9.*z.*1.09945193708874e-10-t2.*t9.*z.*1.123090417732098e-6+t2.*t10.*z.*1.539232711924235e-9+t3.*t10.*z.*7.734393825567661e-8-t4.*t11.*z.*2.308849067886353e-9+t8.*x.*z.*8.534181229198099e-6-t9.*x.*z.*3.314740210957569e-8];
